0.01 0.1538
0.02 0.0987
0.03 0.0725
0.04 0.0682
0.05 0.0920
0.06 0.1390
0.07 0.2236
0.08 0.2415
0.09 0.2710
0.10 0.3224
0.11 0.4387
0.12 0.4922
0.13 0.5106
0.14 0.5638
0.15 0.5892
0.16 0.6308
0.17 0.6530
0.18 0.6364
0.19 0.6350
0.20 0.6559
0.21 0.7232
0.22 0.6378
0.23 0.7058
0.24 0.6725
0.25 0.7062
0.26 0.7092
0.27 0.7211
0.28 0.7281
0.29 0.7323
0.30 0.7499
0.31 0.7317
0.32 0.7318
0.33 0.7570
0.34 0.7637
0.35 0.7815
0.36 0.7013
0.37 0.7768
0.38 0.7709
0.39 0.7672
0.40 0.7457
0.41 0.7658
0.42 0.7642
0.43 0.7159
0.44 0.7392
0.45 0.7529
0.46 0.7377
0.47 0.7399
0.48 0.7580
0.49 0.7692
0.50 0.8041
0.51 0.7513
0.52 0.7375
0.53 0.7944
0.54 0.7911
0.55 0.8099
0.56 0.7988
0.57 0.7838
0.58 0.7849
0.59 0.8301
0.60 0.7628
0.61 0.8116
0.62 0.7573
0.63 0.7852
0.64 0.7934
0.65 0.8033
0.66 0.7951
0.67 0.8275
0.68 0.7989
0.69 0.7820
0.70 0.8023
0.71 0.7857
0.72 0.8062
0.73 0.8285
0.74 0.8195
0.75 0.7944
0.76 0.8083
0.77 0.8066
0.78 0.8364
0.79 0.8158
0.80 0.8679
0.81 0.8492
0.82 0.8372
0.83 0.8329
0.84 0.8504
0.85 0.8634
0.86 0.8625
0.87 0.8724
0.88 0.8792
0.89 0.8862
0.90 0.8889
0.91 0.8866
0.92 0.8921
0.93 0.8783
0.94 0.8638
0.95 0.8493
0.96 0.8395
0.97 0.8451
0.98 0.8694
0.99 0.9244
