-0.610965 0.566486
-0.621869 0.569366
0.609867 -0.576758
-0.613726 0.570082
-0.621158 0.596719
0.624976 -0.565649
0.616732 -0.571485
-0.626861 0.575503
-0.625519 0.574927
0.612164 -0.576957
0.625027 -0.576160
-0.621084 0.589499
0.626786 -0.583797
-0.604998 0.585486
-0.601808 0.569324
-0.628303 0.582387
-0.619588 0.568802
-0.619047 0.578687
0.633314 -0.588622
-0.607117 0.575266
0.626641 -0.581583
0.619124 -0.590246
0.613465 -0.578315
0.618918 -0.569438
0.617363 -0.587064
-0.636671 0.560913
-0.624026 0.571214
-0.627909 0.589243
-0.615803 0.583924
0.621013 -0.574641
-0.608568 0.583376
0.617249 -0.580035
0.614978 -0.586154
-0.621101 0.578430
-0.623953 0.568415
-0.619464 0.580560
0.618718 -0.579541
-0.617878 0.570601
-0.627661 0.586932
-0.619281 0.573626
-0.616888 0.582476
-0.614937 0.574620
0.627981 -0.577878
0.627504 -0.576532
0.611539 -0.581145
-0.602302 0.589977
-0.616346 0.577669
0.614035 -0.584659
-0.616499 0.579666
-0.628818 0.579015
0.605988 -0.581250
-0.607964 0.588236
-0.611554 0.590844
-0.626996 0.583744
0.616374 -0.582538
0.615055 -0.567720
-0.609104 0.591771
0.610165 -0.588120
-0.622511 0.592397
0.608947 -0.588613
-0.605731 0.575797
0.613824 -0.589409
-0.611917 0.583794
0.619889 -0.582686
-0.610765 0.576604
-0.627092 0.595686
0.620237 -0.589846
-0.619073 0.581319
0.614280 -0.578636
-0.603453 0.578436
-0.608471 0.573562
0.626481 -0.578895
-0.611352 0.565929
-0.615141 0.581561
0.616824 -0.589116
0.606551 -0.579957
0.610790 -0.579181
-0.624334 0.577325
-0.619395 0.573014
0.632768 -0.580843
0.620742 -0.573951
-0.616873 0.591587
-0.608790 0.565630
-0.614400 0.572989
-0.621352 0.573831
0.626501 -0.590221
-0.604329 0.584680
0.614951 -0.580329
-0.615600 0.576948
-0.634772 0.585782
0.624333 -0.585222
-0.605254 0.583517
-0.609362 0.584603
-0.616981 0.585722
-0.624721 0.590711
0.614475 -0.581486
0.624320 -0.576991
0.622218 -0.581923
-0.610013 0.587643
0.619549 -0.572046
-0.631886 0.579111
0.631299 -0.575437
0.632916 -0.586009
0.622253 -0.590490
0.608420 -0.588688
0.613335 -0.589540
-0.616033 0.563156
-0.616795 0.562292
-0.617164 0.596126
0.609331 -0.589161
0.616604 -0.570219
-0.615571 0.579242
0.602777 -0.585956
-0.605906 0.580532
-0.615283 0.584270
-0.613248 0.573294
0.620728 -0.577668
-0.631740 0.574858
-0.619554 0.582615
-0.612445 0.583078
-0.622948 0.586513
-0.566387 0.626627
-0.605286 0.575665
-0.606729 0.582189
-0.614449 0.573794
-0.612598 0.585010
-0.615281 0.579296
0.621828 -0.587903
-0.616730 0.579404
0.612299 -0.585444
-0.631494 0.585869
0.628369 -0.584861
-0.610469 0.582594
-0.615784 0.587137
-0.614976 0.576699
-0.614096 0.582620
-0.630899 0.576552
-0.617668 0.576295
0.606185 -0.589125
-0.623100 0.585061
-0.617480 0.590179
0.614938 -0.585780
0.600805 -0.588845
-0.623016 0.581435
-0.618795 0.582761
0.621481 -0.573194
-0.613719 0.594142
-0.612856 0.569061
0.618864 -0.573065
0.623402 -0.571748
0.633450 -0.591767
0.611573 -0.584270
0.621629 -0.586162
0.616960 -0.589498
0.613969 -0.584478
-0.624698 0.586250
-0.613455 0.574433
-0.616680 0.574637
0.614221 -0.570248
-0.632324 0.578637
0.617660 -0.575974
-0.610632 0.577094
-0.626795 0.575994
0.621985 -0.591489
0.621117 -0.583986
0.615922 -0.585946
0.616916 -0.578389
0.608707 -0.573934
0.618274 -0.579273
-0.626327 0.567081
0.620932 -0.590239
-0.624515 0.599944
0.602957 -0.566614
-0.610533 0.583944
0.631965 -0.575755
0.619936 -0.590600
0.605905 -0.591133
0.616137 -0.587808
-0.609324 0.575952
-0.621963 0.578345
0.625170 -0.561168
0.608910 -0.582814
0.604952 -0.592115
-0.618084 0.593260
-0.631219 0.584487
-0.621382 0.583516
-0.614781 0.585852
-0.617726 0.575227
0.614670 -0.582432
0.614851 -0.578280
-0.615534 0.584426
-0.610481 0.570229
0.619327 -0.571773
0.613014 -0.585222
0.633584 -0.586002
0.632970 -0.580900
0.614510 -0.568951
0.626402 -0.579947
-0.616409 0.572122
-0.619129 0.575053
