7.800000 5.652000 3.936000 2.604000 1.608000 0.900000 0.432000 0.156000 0.024000 -0.012000 -0.000000 0.012000 -0.024000 -0.156000 -0.432000 -0.900000 -1.608000 -2.604000 -3.936000 -5.652000 -7.800000 
7.800000 5.652000 3.936000 2.604000 1.608000 0.900000 0.432000 0.156000 0.024000 -0.012000 -0.000000 0.012000 -0.024000 -0.156000 -0.432000 -0.900000 -1.608000 -2.604000 -3.936000 -5.652000 -7.800000 
7.800000 5.652000 3.936000 2.604000 1.608000 0.900000 0.432000 0.156000 0.024000 -0.012000 -0.000000 0.012000 -0.024000 -0.156000 -0.432000 -0.900000 -1.608000 -2.604000 -3.936000 -5.652000 -7.800000 
7.800000 5.652000 3.936000 2.604000 1.608000 0.900000 0.432000 0.156000 0.024000 -0.012000 -0.000000 0.012000 -0.024000 -0.156000 -0.432000 -0.900000 -1.608000 -2.604000 -3.936000 -5.652000 -7.800000 
7.800000 5.652000 3.936000 2.604000 1.608000 0.900000 0.432000 0.156000 0.024000 -0.012000 -0.000000 0.012000 -0.024000 -0.156000 -0.432000 -0.900000 -1.608000 -2.604000 -3.936000 -5.652000 -7.800000 
7.800000 5.652000 3.936000 2.604000 1.608000 0.900000 0.432000 0.156000 0.024000 -0.012000 -0.000000 0.012000 -0.024000 -0.156000 -0.432000 -0.900000 -1.608000 -2.604000 -3.936000 -5.652000 -7.800000 
7.800000 5.652000 3.936000 2.604000 1.608000 0.900000 0.432000 0.156000 0.024000 -0.012000 -0.000000 0.012000 -0.024000 -0.156000 -0.432000 -0.900000 -1.608000 -2.604000 -3.936000 -5.652000 -7.800000 
7.800000 5.652000 3.936000 2.604000 1.608000 0.900000 0.432000 0.156000 0.024000 -0.012000 -0.000000 0.012000 -0.024000 -0.156000 -0.432000 -0.900000 -1.608000 -2.604000 -3.936000 -5.652000 -7.800000 
7.800000 5.652000 3.936000 2.604000 1.608000 0.900000 0.432000 0.156000 0.024000 -0.012000 -0.000000 0.012000 -0.024000 -0.156000 -0.432000 -0.900000 -1.608000 -2.604000 -3.936000 -5.652000 -7.800000 
7.800000 5.652000 3.936000 2.604000 1.608000 0.900000 0.432000 0.156000 0.024000 -0.012000 -0.000000 0.012000 -0.024000 -0.156000 -0.432000 -0.900000 -1.608000 -2.604000 -3.936000 -5.652000 -7.800000 
7.800000 5.652000 3.936000 2.604000 1.608000 0.900000 0.432000 0.156000 0.024000 -0.012000 -0.000000 0.012000 -0.024000 -0.156000 -0.432000 -0.900000 -1.608000 -2.604000 -3.936000 -5.652000 -7.800000 
7.800000 5.652000 3.936000 2.604000 1.608000 0.900000 0.432000 0.156000 0.024000 -0.012000 -0.000000 0.012000 -0.024000 -0.156000 -0.432000 -0.900000 -1.608000 -2.604000 -3.936000 -5.652000 -7.800000 
7.800000 5.652000 3.936000 2.604000 1.608000 0.900000 0.432000 0.156000 0.024000 -0.012000 -0.000000 0.012000 -0.024000 -0.156000 -0.432000 -0.900000 -1.608000 -2.604000 -3.936000 -5.652000 -7.800000 
7.800000 5.652000 3.936000 2.604000 1.608000 0.900000 0.432000 0.156000 0.024000 -0.012000 -0.000000 0.012000 -0.024000 -0.156000 -0.432000 -0.900000 -1.608000 -2.604000 -3.936000 -5.652000 -7.800000 
7.800000 5.652000 3.936000 2.604000 1.608000 0.900000 0.432000 0.156000 0.024000 -0.012000 -0.000000 0.012000 -0.024000 -0.156000 -0.432000 -0.900000 -1.608000 -2.604000 -3.936000 -5.652000 -7.800000 
7.800000 5.652000 3.936000 2.604000 1.608000 0.900000 0.432000 0.156000 0.024000 -0.012000 -0.000000 0.012000 -0.024000 -0.156000 -0.432000 -0.900000 -1.608000 -2.604000 -3.936000 -5.652000 -7.800000 
7.800000 5.652000 3.936000 2.604000 1.608000 0.900000 0.432000 0.156000 0.024000 -0.012000 -0.000000 0.012000 -0.024000 -0.156000 -0.432000 -0.900000 -1.608000 -2.604000 -3.936000 -5.652000 -7.800000 
7.800000 5.652000 3.936000 2.604000 1.608000 0.900000 0.432000 0.156000 0.024000 -0.012000 -0.000000 0.012000 -0.024000 -0.156000 -0.432000 -0.900000 -1.608000 -2.604000 -3.936000 -5.652000 -7.800000 
7.800000 5.652000 3.936000 2.604000 1.608000 0.900000 0.432000 0.156000 0.024000 -0.012000 -0.000000 0.012000 -0.024000 -0.156000 -0.432000 -0.900000 -1.608000 -2.604000 -3.936000 -5.652000 -7.800000 
7.800000 5.652000 3.936000 2.604000 1.608000 0.900000 0.432000 0.156000 0.024000 -0.012000 -0.000000 0.012000 -0.024000 -0.156000 -0.432000 -0.900000 -1.608000 -2.604000 -3.936000 -5.652000 -7.800000 
7.800000 5.652000 3.936000 2.604000 1.608000 0.900000 0.432000 0.156000 0.024000 -0.012000 -0.000000 0.012000 -0.024000 -0.156000 -0.432000 -0.900000 -1.608000 -2.604000 -3.936000 -5.652000 -7.800000 
